====================Map NO.1====================
[[1653 1047]
 [2045 1114]
 [ 875 4710]
 [3382 1225]
 [1862 4281]
 [4989 2717]
 [2417 2981]
 [ 164  835]
 [4190 4176]
 [2443  399]
 [1642  515]
 [1767 4182]
 [3212 2526]
 [1891 2059]
 [4289  946]
 [3002 4023]
 [3689  197]
 [4225 3305]
 [1157 1198]
 [3279 4528]
 [2387 1881]
 [1943 3460]
 [ 193 4708]
 [2289 3555]
 [4793 3159]
 [3096 1289]
 [1849  210]
 [2835  727]
 [4168 3045]
 [2285 3608]
 [3078 4761]
 [2230 1859]
 [2020 3644]
 [1918  218]
 [4118 3057]
 [3481  272]
 [1476 1957]
 [2755 3231]
 [4853  705]
 [2484  228]
 [4357 1148]
 [ 717 3018]
 [  65 1794]
 [3192 1852]
 [4523  786]
 [ 830 4420]
 [3304 4129]
 [ 626 3689]
 [ 194  266]
 [1687 2714]
 [2659 2025]
 [ 834 3540]
 [1662  906]
 [ 805 3344]
 [2091 4180]
 [2948 2041]
 [ 131 4161]
 [3467 2004]
 [ 250 4388]
 [2523 3013]
 [2776  182]
 [1108 2555]
 [3479 4197]
 [ 259 2024]
 [2224 1124]
 [ 670 1502]
 [4049 4343]
 [2860 1909]
 [  37  926]
 [3379 3552]
 [3420 4045]
 [3194 3570]
 [ 177 1114]
 [4158 3839]
 [2391 1592]
 [3238 1808]
 [ 952 4399]
 [3421  944]
 [2526 1808]
 [1722  489]
 [4633 3274]
 [1921   47]
 [3482  700]
 [3745 4044]
 [2596  843]
 [3358 4731]
 [ 703  146]
 [4043 4338]
 [ 719 4346]
 [2065 1301]
 [ 338 3586]
 [4808 3260]
 [2905 2329]
 [ 865 3366]
 [4017 1913]
 [1920 3493]
 [ 697 3381]
 [ 796 4737]
 [ 595 1342]
 [3471 4866]]
sa:	path:[99, 71, 69, 34, 28, 5, 24, 91, 80, 17, 73, 8, 87, 66, 83, 62, 70, 46, 15, 54, 4, 11, 76, 45, 88, 2, 97, 22, 58, 56, 90, 61, 49, 13, 36, 65, 98, 18, 1, 64, 84, 43, 75, 57, 94, 40, 14, 44, 38, 16, 35, 82, 77, 3, 25, 27, 60, 39, 9, 33, 81, 26, 79, 10, 89, 31, 20, 78, 50, 59, 6, 21, 95, 23, 29, 37, 12, 92, 55, 67, 74, 0, 52, 86, 48, 7, 68, 72, 42, 63, 41, 96, 53, 93, 51, 47, 32, 30, 19, 85]
	cost:44904.56597162955
	time:213.0s
ac:	path:[98, 65, 18, 0, 52, 10, 79, 26, 33, 81, 39, 9, 60, 27, 84, 64, 1, 89, 74, 78, 20, 31, 13, 36, 61, 49, 95, 21, 32, 29, 23, 37, 59, 6, 92, 12, 57, 75, 43, 55, 67, 50, 25, 3, 77, 82, 35, 16, 44, 38, 14, 40, 94, 28, 34, 17, 80, 91, 24, 5, 73, 8, 87, 66, 83, 62, 70, 46, 15, 71, 69, 19, 85, 99, 30, 54, 4, 11, 76, 45, 88, 97, 2, 58, 22, 56, 90, 47, 51, 93, 53, 96, 41, 63, 42, 72, 68, 7, 48, 86]
	cost:38696.86281212227
	time:62.45s


====================Map NO.2====================
[[4101 3520]
 [2309 4035]
 [3682 2600]
 [2069 3296]
 [4617   33]
 [2105 2173]
 [2982  446]
 [3080 1123]
 [2719 1007]
 [1287  577]
 [2311 2420]
 [ 744 3815]
 [4013 3142]
 [2044 2693]
 [4467 3686]
 [2799 3573]
 [3013 2933]
 [3190 3189]
 [2262  205]
 [ 770  730]
 [3488 2694]
 [2450 4640]
 [2961  156]
 [1023 1469]
 [  80 1882]
 [1964 3665]
 [4152 3147]
 [2316 4582]
 [2135 1949]
 [3955 1106]
 [2891 4035]
 [4008 4573]
 [1022 3877]
 [4811 3452]
 [4685 2593]
 [3355 4946]
 [ 555 1062]
 [3172  272]
 [3785 4244]
 [3908 3074]
 [ 673  821]
 [3347  227]
 [4259 3536]
 [1891 4619]
 [2185 4896]
 [1225 3529]
 [3355 3180]
 [3815  891]
 [3593 1689]
 [2541 1422]
 [4217 2350]
 [3273 4472]
 [2688 1970]
 [2152 3593]
 [3261 3218]
 [4445 4910]
 [ 468 4478]
 [4472 4360]
 [1224  522]
 [4062 2939]
 [1204  735]
 [2878 3578]
 [4939 3190]
 [1407  975]
 [1763 3175]
 [3934 4396]
 [4770  584]
 [3257 4712]
 [2201 4534]
 [ 271 2099]
 [ 469  203]
 [ 928 1736]
 [2853 4294]
 [3758 1579]
 [2905 4065]
 [3814 3811]
 [1945 4252]
 [3807 2783]
 [4515  140]
 [4216 4856]
 [ 978 2728]
 [ 396 2259]
 [4818 2258]
 [1724 2952]
 [3173   51]
 [2754 4759]
 [1516 4677]
 [1824 3387]
 [1329 3752]
 [3938 2283]
 [4747 2753]
 [2432  835]
 [4915 3574]
 [ 474 4598]
 [4293 2523]
 [  55 2508]
 [1060 4638]
 [4840 3263]
 [ 997    7]
 [ 602 2523]]
sa:	path:[19, 40, 70, 98, 58, 9, 60, 63, 49, 52, 28, 5, 10, 13, 83, 64, 87, 25, 76, 43, 68, 27, 21, 85, 51, 72, 74, 30, 1, 53, 3, 15, 61, 16, 17, 54, 46, 75, 0, 42, 14, 33, 62, 97, 26, 12, 39, 59, 77, 20, 2, 89, 48, 7, 8, 91, 18, 6, 22, 84, 37, 41, 78, 4, 66, 47, 29, 73, 50, 94, 82, 34, 90, 92, 57, 55, 79, 31, 65, 38, 67, 35, 44, 86, 96, 93, 56, 11, 32, 88, 45, 80, 99, 95, 81, 69, 24, 71, 23, 36]
	cost:42466.227983647645
	time:218.9s
ac:	path:[52, 28, 5, 10, 13, 83, 64, 87, 3, 53, 25, 1, 76, 68, 27, 21, 85, 72, 74, 30, 15, 61, 17, 54, 46, 16, 20, 2, 77, 59, 39, 12, 26, 0, 42, 14, 33, 92, 97, 62, 90, 34, 82, 94, 50, 89, 48, 73, 29, 47, 78, 4, 66, 7, 8, 91, 18, 22, 84, 37, 41, 6, 49, 63, 60, 9, 58, 98, 70, 19, 40, 36, 23, 71, 69, 24, 95, 81, 99, 80, 45, 88, 32, 11, 56, 93, 96, 86, 43, 44, 67, 35, 51, 38, 65, 31, 79, 55, 57, 75]
	cost:41401.75057769554
	time:63.22s


====================Map NO.3====================
[[ 714 4108]
 [2573 4777]
 [1890  914]
 [3279 1357]
 [3548 3125]
 [ 323 1485]
 [4017  192]
 [1779  250]
 [3643  944]
 [3008 3221]
 [4880 1454]
 [4972 1648]
 [1627 1073]
 [4293 2321]
 [1425 1534]
 [3025 3419]
 [ 944  148]
 [2066 4885]
 [3646 4903]
 [ 914 1760]
 [2466 4209]
 [3127  121]
 [3397  219]
 [ 451  832]
 [ 599 4125]
 [ 463  703]
 [4760 4174]
 [1732  131]
 [3905  620]
 [ 631  766]
 [2120 1099]
 [1818 3110]
 [ 247 3155]
 [3035   91]
 [ 164  569]
 [3497 1723]
 [2113 2189]
 [ 909 3911]
 [ 737 1428]
 [2282 4172]
 [2880 4525]
 [3905    8]
 [2733 2792]
 [3901 2997]
 [3253 1084]
 [1744 3494]
 [2135 4314]
 [1414 4321]
 [2778 1642]
 [2632 1291]
 [ 935 3513]
 [4239 4602]
 [4240 1608]
 [ 915 3859]
 [3002 2300]
 [2959 2188]
 [ 115 3548]
 [4715 2260]
 [1157 3428]
 [ 418 3564]
 [1563  737]
 [4342 1828]
 [3789 4775]
 [4594  142]
 [2616 4899]
 [1577  438]
 [4716  786]
 [1080 3145]
 [2296  750]
 [4297 1959]
 [2381 3349]
 [2982  147]
 [2264 1850]
 [1243 1247]
 [3692  384]
 [2833 3843]
 [3224 2372]
 [4573 4590]
 [ 917 3508]
 [3021 2250]
 [ 204 4494]
 [2822 4042]
 [3174 3923]
 [ 653 2690]
 [2529 2702]
 [4035  348]
 [ 467 3048]
 [4079 3404]
 [3318 4787]
 [4886 4331]
 [ 332 2184]
 [4733 3795]
 [ 801 4016]
 [2330  879]
 [2647 4605]
 [2322 3363]
 [1487 4275]
 [   6 4123]
 [3691 1331]
 [3156  747]]
sa:	path:[35, 79, 54, 76, 4, 43, 87, 91, 26, 89, 77, 51, 62, 18, 88, 40, 94, 1, 64, 17, 46, 39, 20, 81, 75, 82, 15, 9, 42, 70, 95, 31, 45, 96, 47, 37, 53, 59, 56, 97, 80, 24, 0, 92, 78, 50, 58, 67, 86, 32, 83, 90, 19, 38, 5, 34, 25, 23, 29, 16, 27, 7, 65, 60, 68, 93, 30, 2, 12, 73, 14, 72, 36, 84, 55, 48, 49, 99, 71, 33, 21, 22, 74, 98, 52, 61, 69, 13, 57, 11, 10, 66, 63, 41, 6, 85, 28, 8, 44, 3]
	cost:41023.066800159846
	time:223.8s
ac:	path:[53, 37, 92, 0, 24, 80, 97, 56, 59, 32, 86, 83, 90, 5, 38, 19, 14, 73, 12, 60, 65, 7, 27, 16, 29, 25, 23, 34, 2, 30, 93, 68, 49, 48, 72, 36, 84, 42, 54, 79, 55, 76, 35, 3, 44, 99, 8, 28, 85, 6, 41, 74, 22, 21, 33, 71, 63, 66, 10, 11, 57, 13, 69, 61, 52, 98, 82, 15, 9, 4, 43, 87, 91, 26, 89, 77, 51, 62, 18, 88, 40, 94, 1, 64, 17, 46, 39, 20, 81, 75, 70, 95, 31, 45, 58, 67, 78, 50, 96, 47]
	cost:42305.23449321128
	time:63.74s


====================Map NO.4====================
[[1691 2937]
 [3204 3704]
 [3492 1620]
 [ 333 2208]
 [4759  457]
 [ 389 1056]
 [4458 4331]
 [2101 1090]
 [3398  182]
 [4127  141]
 [1783  928]
 [3457 1672]
 [1195 1433]
 [2436 2784]
 [ 671  556]
 [4416 1942]
 [1767 4243]
 [ 551 4820]
 [ 234 3004]
 [3109   84]
 [2833 2348]
 [3486 4648]
 [1917 2885]
 [4994 3483]
 [ 938 3671]
 [4149  360]
 [  75 2379]
 [3837  627]
 [1977  851]
 [1683 2153]
 [4840  651]
 [ 446 4307]
 [4045 2898]
 [3422 4172]
 [3421 3628]
 [1759 4366]
 [2224 3292]
 [2844 2857]
 [3889 1544]
 [1613 1347]
 [3331 1749]
 [1077 2901]
 [1018 2713]
 [2112 4202]
 [2744 4320]
 [3577 2458]
 [2084 4956]
 [ 676 4566]
 [3262 2035]
 [2060 3970]
 [4350 4186]
 [ 727  863]
 [2578  923]
 [4745  319]
 [  29 3077]
 [4302 3507]
 [ 842  931]
 [2057 3310]
 [3278 4070]
 [1153 4506]
 [4788 3478]
 [3993  428]
 [3070 1596]
 [ 667 4233]
 [2698  328]
 [ 125 3288]
 [ 401 4735]
 [2713 4068]
 [ 542 1018]
 [ 619 1704]
 [1264 1363]
 [3038 2370]
 [1613 1996]
 [3437  421]
 [ 272 2622]
 [3494 4565]
 [3882  437]
 [ 382 2172]
 [1292 1230]
 [2072 3292]
 [3026 2028]
 [4933 4363]
 [2614 4851]
 [3494 2199]
 [3301 4956]
 [2623 3164]
 [3934 1581]
 [4416 3984]
 [1981 1584]
 [3499  432]
 [2466  932]
 [1799  249]
 [1071 1095]
 [2132 2412]
 [1315 3875]
 [3048 1719]
 [ 553 3538]
 [2819 4474]
 [ 260  291]
 [ 520 1831]]
sa:	path:[94, 96, 65, 54, 18, 42, 29, 93, 20, 15, 86, 38, 2, 11, 40, 62, 95, 88, 72, 78, 92, 56, 51, 14, 98, 5, 68, 10, 28, 91, 64, 19, 8, 73, 89, 61, 25, 30, 4, 53, 9, 76, 27, 52, 90, 7, 39, 70, 12, 69, 99, 77, 3, 26, 74, 41, 57, 79, 36, 85, 1, 34, 33, 58, 67, 44, 97, 82, 84, 21, 75, 87, 50, 6, 81, 23, 60, 55, 32, 45, 83, 48, 80, 71, 37, 13, 22, 0, 24, 63, 31, 66, 17, 47, 59, 46, 43, 49, 16, 35]
	cost:45585.84348852913
	time:241.1s
ac:	path:[43, 49, 57, 79, 36, 85, 37, 13, 93, 29, 72, 88, 39, 78, 70, 12, 92, 56, 51, 68, 5, 14, 98, 91, 28, 10, 7, 90, 52, 64, 19, 8, 73, 89, 76, 61, 25, 9, 53, 4, 30, 27, 38, 86, 15, 32, 55, 60, 23, 87, 50, 6, 81, 21, 75, 84, 82, 46, 35, 16, 94, 59, 47, 17, 66, 31, 63, 24, 96, 65, 54, 18, 74, 26, 3, 77, 99, 69, 42, 41, 0, 22, 20, 71, 80, 95, 62, 40, 11, 2, 48, 83, 45, 33, 58, 1, 34, 67, 44, 97]
	cost:41337.03057557399
	time:62.98s


====================Map NO.5====================
[[4576 3388]
 [1517 2167]
 [ 762 2576]
 [2534 1793]
 [1915  566]
 [2715 2374]
 [ 733  662]
 [ 601 2833]
 [1128 3358]
 [2395 4756]
 [1409  420]
 [4357 1143]
 [ 946 3266]
 [3138 3107]
 [ 528  855]
 [3805  158]
 [ 849 3570]
 [3904 3160]
 [2015 2277]
 [ 144  752]
 [3406 2782]
 [ 247 2081]
 [ 863 3848]
 [2805 1937]
 [3853  486]
 [ 323  836]
 [1809 1061]
 [1840 4364]
 [4376 2540]
 [1848 4984]
 [ 302 2489]
 [2817  323]
 [ 626 1553]
 [3645 2457]
 [4418 3909]
 [ 720 3970]
 [4813 4365]
 [3499 3483]
 [ 509  889]
 [3092 3882]
 [4842 2685]
 [4999  880]
 [ 855 2284]
 [1492   40]
 [3754  530]
 [3805 3846]
 [3573 1068]
 [4607 2860]
 [3949 3466]
 [2247 3545]
 [3131 4311]
 [4269  276]
 [ 141  290]
 [4269 2625]
 [2762 4252]
 [2153  432]
 [3661 4012]
 [1730 1994]
 [1094 2375]
 [1906 3229]
 [3972 4640]
 [ 436 4313]
 [1722 3028]
 [4488 3131]
 [4148  271]
 [2504 3177]
 [2727 3288]
 [4961 1804]
 [3891 3788]
 [4873  338]
 [ 648 4253]
 [3093  579]
 [2438  123]
 [2951 1752]
 [ 567  277]
 [2899 1383]
 [4432 3527]
 [ 813 4804]
 [2043 2324]
 [3210 1336]
 [ 259 3107]
 [4978 1951]
 [ 815 3748]
 [1272 4377]
 [3291 3736]
 [1772 4581]
 [4428 3871]
 [2776  154]
 [ 805 3401]
 [4806 2647]
 [3240 1130]
 [4160 4085]
 [ 435 4438]
 [  88  357]
 [ 129 1805]
 [2426 3962]
 [3611 3197]
 [1306 4148]
 [2174  806]
 [1417 3040]]
sa:	path:[35, 70, 97, 49, 65, 66, 13, 96, 17, 47, 63, 0, 76, 48, 68, 45, 56, 91, 34, 86, 36, 60, 50, 54, 9, 29, 85, 83, 22, 82, 88, 80, 7, 2, 42, 58, 1, 3, 75, 90, 46, 44, 24, 15, 64, 51, 69, 41, 11, 67, 81, 89, 40, 28, 53, 33, 79, 71, 31, 87, 72, 43, 10, 6, 74, 52, 93, 19, 25, 14, 38, 32, 94, 21, 30, 61, 92, 77, 27, 95, 39, 84, 37, 20, 5, 23, 73, 98, 55, 4, 26, 57, 18, 78, 59, 62, 99, 8, 12, 16]
	cost:47839.84583095834
	time:227.0s
ac:	path:[20, 33, 53, 28, 47, 63, 0, 76, 86, 34, 91, 68, 45, 56, 84, 39, 50, 54, 95, 49, 59, 62, 99, 8, 12, 88, 16, 82, 22, 35, 70, 61, 92, 77, 83, 97, 27, 85, 29, 9, 60, 36, 48, 17, 96, 37, 13, 66, 65, 5, 78, 18, 57, 1, 58, 42, 2, 7, 80, 30, 21, 94, 32, 38, 14, 25, 19, 93, 52, 74, 6, 10, 43, 4, 55, 72, 87, 31, 71, 98, 26, 3, 23, 73, 75, 79, 90, 46, 44, 24, 15, 64, 51, 69, 41, 11, 67, 81, 89, 40]
	cost:40885.679226481254
	time:64.42s


====================Map NO.6====================
[[3009 2333]
 [2266   38]
 [4406 1898]
 [   1  308]
 [3379 2505]
 [ 646 4407]
 [ 505  731]
 [1300 4879]
 [4761 3235]
 [4884 1085]
 [3802  910]
 [4757 4627]
 [1949 3172]
 [ 960 2460]
 [  28   81]
 [1729 4023]
 [1040 1177]
 [4704 4727]
 [ 892 1464]
 [1820 3361]
 [ 899  410]
 [1342 2113]
 [4382 1780]
 [ 615 1829]
 [1998 1237]
 [4291 4986]
 [2541 3956]
 [3162 1725]
 [2075 2493]
 [2771 4639]
 [2344  508]
 [2054 4459]
 [1882 3396]
 [4077 4279]
 [2114 2268]
 [1726 4519]
 [1996  967]
 [ 227  540]
 [1472 3157]
 [  14 4286]
 [4814 1634]
 [2632 2788]
 [4975 2064]
 [3469  290]
 [2782 4031]
 [ 370  403]
 [1238  255]
 [ 619  515]
 [ 961 2642]
 [2319 4458]
 [2624 3155]
 [3262 1072]
 [1110 3234]
 [2185 1553]
 [2318 3203]
 [4772 1168]
 [4407 2580]
 [  96 3612]
 [3580 2406]
 [4487  590]
 [3144 1413]
 [2189 2228]
 [  73 1759]
 [1618 4551]
 [4475 1996]
 [4898 4453]
 [2159 3967]
 [4974 3881]
 [1351 1494]
 [  65 1222]
 [4810 3181]
 [3205 3677]
 [4171  256]
 [1884 2420]
 [2073 4060]
 [1919  729]
 [ 517  401]
 [4476 3788]
 [ 276 2894]
 [2365  292]
 [3917 3106]
 [2705 1968]
 [2754  837]
 [4480 4112]
 [3024 1422]
 [2216 4224]
 [1891 1293]
 [3232 2383]
 [3759 2240]
 [1321 4105]
 [ 545 2453]
 [ 348 1176]
 [4953 2240]
 [1142 3022]
 [ 809 3280]
 [ 599 2887]
 [2726 1141]
 [3434 1257]
 [4263 1996]
 [1113  382]]
sa:	path:[22, 55, 9, 59, 72, 43, 1, 79, 30, 82, 96, 81, 61, 34, 73, 28, 41, 50, 54, 66, 31, 35, 63, 7, 5, 39, 57, 78, 95, 90, 23, 62, 69, 91, 6, 37, 3, 14, 45, 76, 47, 20, 46, 99, 16, 18, 13, 48, 93, 38, 12, 19, 32, 26, 33, 25, 17, 11, 65, 67, 83, 77, 8, 70, 92, 42, 40, 64, 56, 80, 71, 44, 29, 49, 85, 74, 15, 89, 94, 52, 21, 68, 75, 36, 24, 86, 53, 84, 60, 51, 10, 97, 27, 0, 87, 4, 58, 88, 98, 2]
	cost:46801.19336091762
	time:220.3s
ac:	path:[82, 96, 84, 60, 97, 51, 10, 43, 72, 59, 9, 55, 40, 42, 92, 56, 80, 71, 44, 26, 66, 74, 85, 49, 31, 35, 63, 7, 5, 39, 57, 78, 95, 94, 52, 93, 38, 19, 32, 12, 54, 50, 41, 28, 73, 34, 61, 53, 24, 86, 36, 75, 30, 79, 1, 46, 99, 20, 47, 76, 45, 37, 3, 14, 6, 91, 69, 62, 23, 18, 16, 68, 21, 13, 48, 90, 89, 15, 29, 33, 83, 77, 67, 65, 11, 17, 25, 70, 8, 64, 2, 22, 98, 88, 58, 4, 87, 0, 81, 27]
	cost:44186.91839535851
	time:63.38s


====================Map NO.7====================
[[ 489 4865]
 [2293 3327]
 [ 411 2954]
 [4516 2207]
 [1397 1666]
 [4148 3573]
 [1089 3248]
 [1559 2443]
 [2051 2847]
 [ 382 3340]
 [1275  531]
 [ 755 4543]
 [2726 3308]
 [3482    6]
 [1307  150]
 [3931  487]
 [2486 4351]
 [3357 3556]
 [2865 2463]
 [3454 3174]
 [2579 4445]
 [ 962 4884]
 [2755 2050]
 [1298 1790]
 [3904  381]
 [ 346 3545]
 [ 416 2340]
 [1539 1989]
 [3918 3554]
 [4357 2884]
 [2238  291]
 [2642 1355]
 [2520  375]
 [1852 1979]
 [ 719 4172]
 [3697 2845]
 [3762 1110]
 [2993 1948]
 [ 381 2120]
 [1917  216]
 [2146  368]
 [2136  525]
 [2475 1315]
 [1732 1632]
 [3684 2259]
 [2886 3063]
 [2554 1082]
 [  30 1584]
 [4837  989]
 [ 517 3317]
 [4615 1402]
 [3285 2559]
 [3735  263]
 [3046   78]
 [2703 1382]
 [  82 4354]
 [4567 1881]
 [ 823  745]
 [2518 4142]
 [3963 4596]
 [ 759 3745]
 [ 860 3456]
 [3177 4958]
 [ 389 2145]
 [1799 3004]
 [1529 4512]
 [3862 1009]
 [ 897 1285]
 [3776 3762]
 [1171  109]
 [1266  366]
 [2967 1467]
 [1303  141]
 [4192 4763]
 [4740 2095]
 [2631 2434]
 [3048  856]
 [2071 2428]
 [3315  164]
 [ 172 3031]
 [4825 4047]
 [3096 3765]
 [ 851 3259]
 [1133  498]
 [2810 2271]
 [3825  854]
 [ 425 2439]
 [ 818 1826]
 [ 490 4216]
 [1982 1963]
 [2867   86]
 [1874 4268]
 [3834 3177]
 [1238  566]
 [2043 3682]
 [1721  921]
 [4038 4063]
 [2181 2079]
 [2885 3584]
 [ 857 3844]]
sa:	path:[15, 24, 52, 13, 39, 14, 72, 69, 70, 10, 93, 83, 57, 67, 47, 26, 86, 2, 79, 25, 9, 49, 82, 6, 61, 60, 99, 34, 88, 55, 0, 11, 21, 65, 91, 94, 64, 8, 77, 7, 63, 38, 87, 23, 4, 27, 33, 22, 37, 71, 54, 31, 42, 46, 76, 36, 66, 85, 78, 53, 90, 32, 30, 40, 41, 95, 43, 89, 97, 75, 84, 18, 12, 98, 81, 17, 19, 92, 5, 28, 68, 96, 80, 73, 59, 62, 20, 16, 58, 1, 45, 51, 44, 35, 29, 3, 74, 56, 50, 48]
	cost:42999.20937894253
	time:223.1s
ac:	path:[32, 30, 40, 41, 39, 14, 72, 69, 70, 10, 93, 83, 57, 67, 87, 23, 4, 43, 33, 89, 97, 77, 8, 64, 1, 94, 91, 65, 21, 11, 0, 55, 88, 34, 99, 60, 61, 82, 6, 49, 9, 25, 79, 2, 86, 26, 63, 38, 47, 95, 46, 42, 31, 54, 71, 37, 22, 84, 18, 75, 51, 44, 35, 92, 28, 5, 96, 68, 17, 19, 45, 12, 98, 81, 58, 16, 20, 62, 59, 73, 80, 29, 3, 74, 56, 50, 48, 66, 36, 85, 15, 24, 52, 13, 78, 53, 90, 76, 7, 27]
	cost:42479.32376013884
	time:62.12s


====================Map NO.8====================
[[3198 2575]
 [ 896 2179]
 [2657 2745]
 [2182 1127]
 [ 248  179]
 [4737  807]
 [2827 3151]
 [ 189  784]
 [4874 1739]
 [ 237 3919]
 [1417 3472]
 [2180  653]
 [1852 1073]
 [4770 3458]
 [3991 4954]
 [2791 3528]
 [2202  215]
 [4547  498]
 [  58 3644]
 [2308 4825]
 [2145 2393]
 [4320 3182]
 [2171 3631]
 [1360 2249]
 [ 352 4813]
 [4962  540]
 [1253 2275]
 [2341 1353]
 [2797 3142]
 [4474  906]
 [ 414 1898]
 [4739  153]
 [3244 2917]
 [4270  848]
 [1611 4450]
 [1363 4245]
 [3921 2759]
 [2574  221]
 [ 705 4766]
 [4700  107]
 [3383 4864]
 [ 220 1711]
 [1922 2937]
 [1244 4532]
 [3340 4821]
 [1479 4792]
 [3954 4776]
 [2643 3431]
 [  97 3799]
 [2876  114]
 [2762   87]
 [3468  149]
 [4303  407]
 [3755 1583]
 [1292 3779]
 [3735 2900]
 [1211 4037]
 [1446 3364]
 [4208  368]
 [3679 2749]
 [3651 3440]
 [3518 4809]
 [3098 2801]
 [ 533 1571]
 [4307 4390]
 [ 281 4428]
 [2698 2756]
 [4103 4748]
 [4485 1440]
 [ 991 1068]
 [1327 2855]
 [1020  593]
 [ 547 4051]
 [2384 3795]
 [2112 2300]
 [ 125 3544]
 [4205 3483]
 [4063  473]
 [3517  849]
 [4363 2780]
 [3841   49]
 [1367 2900]
 [4450 3428]
 [2735 1877]
 [ 657 2968]
 [1567 1795]
 [4362 4692]
 [4021 1248]
 [ 308 1752]
 [3688 4731]
 [3899 1287]
 [   2 2623]
 [2214 4132]
 [3810 4973]
 [ 357  915]
 [ 763  792]
 [1121 3757]
 [4244 1936]
 [ 748 4386]
 [1982 3488]]
sa:	path:[27, 3, 12, 69, 95, 71, 4, 7, 94, 63, 41, 88, 30, 1, 85, 83, 62, 32, 6, 28, 42, 70, 81, 57, 10, 54, 96, 56, 35, 19, 44, 40, 61, 89, 93, 14, 46, 67, 86, 64, 13, 82, 76, 21, 79, 36, 59, 55, 60, 15, 47, 99, 22, 73, 92, 34, 45, 43, 38, 24, 65, 98, 72, 9, 48, 18, 75, 91, 84, 26, 23, 74, 20, 2, 66, 0, 53, 90, 87, 97, 8, 68, 5, 25, 31, 39, 17, 29, 33, 78, 77, 52, 58, 80, 51, 49, 50, 37, 16, 11]
	cost:43051.726181066726
	time:227.4s
ac:	path:[52, 58, 77, 80, 51, 49, 50, 37, 16, 11, 3, 27, 83, 74, 20, 42, 81, 70, 26, 23, 85, 12, 69, 95, 71, 94, 7, 4, 88, 41, 63, 30, 1, 84, 91, 75, 18, 48, 9, 72, 98, 38, 24, 65, 43, 45, 34, 35, 56, 54, 96, 10, 57, 99, 22, 73, 92, 19, 44, 40, 61, 89, 93, 14, 46, 67, 86, 64, 13, 82, 76, 21, 79, 36, 55, 59, 32, 62, 0, 66, 2, 28, 6, 47, 15, 60, 97, 8, 68, 29, 33, 87, 90, 53, 78, 39, 31, 25, 5, 17]
	cost:41884.575725026545
	time:63.18s


====================Map NO.9====================
[[1993 1308]
 [1503 1443]
 [4226 1663]
 [4030 3826]
 [1925    4]
 [2741 1317]
 [4100 1100]
 [4216 3015]
 [2706 1664]
 [4897 3393]
 [1396 3747]
 [1941 3432]
 [3794 3539]
 [4606 3477]
 [2928 1865]
 [ 596 1000]
 [ 595 3492]
 [ 359 1317]
 [1959  748]
 [2702 1959]
 [ 825 4794]
 [ 792 4657]
 [ 894 1278]
 [ 152 1724]
 [3763 3005]
 [4518 2979]
 [2309 1549]
 [1439 3799]
 [1521 2475]
 [ 336  429]
 [ 451 2708]
 [2365 2135]
 [1018 3855]
 [1166 1031]
 [1473 2635]
 [ 149 3597]
 [4263 1637]
 [1777 3174]
 [2930 1064]
 [ 747 4673]
 [2823 1564]
 [3536 3289]
 [ 913 1778]
 [4756 1952]
 [4636   12]
 [4531 3035]
 [2373 1198]
 [3028 1813]
 [1126 2007]
 [3207 2424]
 [2297  780]
 [1139 2265]
 [2738  506]
 [4345 3789]
 [1099 1722]
 [ 365 3594]
 [2349 2124]
 [1296 4586]
 [2509 1427]
 [2953 3019]
 [1635 1377]
 [4967 4499]
 [4705 3795]
 [2565 4495]
 [1556 3900]
 [3817 4414]
 [3455 1841]
 [1530 3282]
 [ 838 4678]
 [3116 4082]
 [3132 2558]
 [2273 4455]
 [2273 2694]
 [3263 3916]
 [3272 2491]
 [4818 3513]
 [3549 2617]
 [1369 4179]
 [4058 3074]
 [3235 3923]
 [3444 3544]
 [2650 2387]
 [2469 1948]
 [4619 1008]
 [4639   56]
 [1211 1309]
 [3618  714]
 [3619 1510]
 [ 688 4392]
 [1099  225]
 [3879 2351]
 [2970  283]
 [2371 2035]
 [2008 4417]
 [1813   34]
 [ 899 4685]
 [1810 4330]
 [4922 2770]
 [3314 1463]
 [1748 4174]]
sa:	path:[44, 83, 6, 87, 98, 40, 58, 26, 0, 60, 1, 85, 33, 22, 28, 34, 56, 31, 92, 82, 14, 47, 66, 90, 76, 24, 41, 78, 7, 45, 25, 9, 75, 62, 61, 65, 73, 79, 11, 64, 77, 57, 95, 21, 68, 20, 39, 88, 32, 10, 27, 99, 96, 93, 71, 63, 69, 80, 12, 3, 53, 13, 97, 43, 2, 36, 38, 18, 4, 94, 89, 29, 15, 17, 23, 42, 54, 48, 51, 30, 35, 55, 16, 67, 37, 72, 59, 70, 74, 49, 81, 19, 8, 5, 46, 50, 52, 91, 86, 84]
	cost:46107.88390997948
	time:221.4s
ac:	path:[31, 56, 92, 82, 19, 14, 47, 40, 8, 5, 38, 98, 87, 66, 90, 76, 74, 49, 70, 59, 81, 72, 37, 11, 64, 27, 10, 32, 77, 57, 95, 68, 21, 39, 20, 88, 55, 35, 16, 30, 51, 28, 34, 67, 99, 96, 93, 71, 63, 69, 79, 73, 80, 41, 24, 78, 7, 25, 45, 13, 75, 9, 62, 53, 3, 12, 65, 61, 97, 43, 2, 36, 6, 83, 84, 44, 86, 91, 52, 50, 18, 94, 4, 89, 29, 15, 17, 23, 42, 54, 48, 22, 85, 33, 1, 60, 0, 46, 58, 26]
	cost:41767.01110434189
	time:61.86s


====================Map NO.10====================
[[2884 2291]
 [1738 3194]
 [ 368 4541]
 [1220  725]
 [ 877 2846]
 [3701 3067]
 [1949 4189]
 [2774 4402]
 [1223  616]
 [2670   11]
 [4230 2502]
 [1123 3491]
 [4149   34]
 [2734   93]
 [4294 2236]
 [4475  151]
 [4673 1438]
 [2180  459]
 [4034 1199]
 [3661 1370]
 [3491 4166]
 [1926 1530]
 [3761 4006]
 [3573 2696]
 [2749  657]
 [3679 4149]
 [1216 3162]
 [4611 3950]
 [3258   55]
 [4138  431]
 [4429  203]
 [2898 1523]
 [1040  539]
 [3699 4941]
 [3468 2407]
 [3496 1634]
 [1373 4933]
 [2838  906]
 [4807   80]
 [3536 4076]
 [4379 4929]
 [ 734 3935]
 [3507 3078]
 [2112 3006]
 [4109 4117]
 [1877 3151]
 [1611  186]
 [ 463  685]
 [1922  299]
 [ 221 1028]
 [1173 1057]
 [2714 3480]
 [ 148 3277]
 [4522 3511]
 [ 505 1575]
 [ 134 3406]
 [3538 3738]
 [2577 4975]
 [3738  687]
 [ 232 3294]
 [1321 2953]
 [4330 2062]
 [4103 2106]
 [ 193 2591]
 [1008 3780]
 [1869 1508]
 [4199 2568]
 [2610 4806]
 [2494 3034]
 [4846 1419]
 [3790 3744]
 [4852 4966]
 [4694 2977]
 [1626  174]
 [3507 1580]
 [4803 1589]
 [1255 1155]
 [2778 1465]
 [2603 3614]
 [1331 2675]
 [4743 2803]
 [1428 2523]
 [4722 4591]
 [ 264  830]
 [1531 4509]
 [4445 4853]
 [  14 2311]
 [3301 4457]
 [1816  404]
 [1458  399]
 [ 813 3513]
 [4379  192]
 [1550 1503]
 [ 392 1590]
 [2811  408]
 [4503 2226]
 [4800 4940]
 [4107 4622]
 [2764 4712]
 [4962 2359]]
sa:	path:[18, 58, 29, 38, 15, 30, 91, 12, 28, 37, 77, 31, 19, 74, 35, 23, 42, 56, 39, 25, 20, 87, 33, 57, 67, 98, 7, 78, 51, 68, 43, 81, 79, 4, 26, 60, 1, 45, 6, 84, 36, 2, 41, 64, 11, 90, 55, 52, 59, 63, 86, 93, 54, 49, 83, 47, 32, 50, 76, 3, 8, 89, 46, 73, 88, 48, 17, 9, 13, 94, 24, 92, 65, 21, 0, 34, 66, 10, 14, 61, 95, 99, 80, 72, 53, 27, 82, 71, 96, 85, 40, 97, 44, 22, 70, 5, 62, 75, 69, 16]
	cost:43695.36754916669
	time:218.8s
ac:	path:[37, 17, 48, 88, 46, 73, 89, 8, 3, 50, 76, 92, 65, 21, 77, 31, 35, 74, 19, 18, 58, 29, 91, 30, 15, 38, 12, 28, 13, 9, 94, 24, 32, 47, 83, 49, 93, 54, 86, 63, 52, 59, 55, 4, 79, 81, 60, 26, 11, 90, 64, 41, 2, 36, 84, 6, 7, 98, 67, 57, 87, 20, 39, 25, 22, 70, 56, 42, 5, 23, 34, 0, 68, 43, 45, 1, 78, 51, 33, 97, 40, 85, 96, 71, 82, 27, 44, 53, 72, 80, 99, 95, 14, 61, 62, 10, 66, 75, 69, 16]
	cost:42936.07657295627
	time:61.65s


